Creating model for GO from model file: Go.mfc.tmm...
# Dimension of data: 38
# Number of student-t components in mixture: 16
# eta values for all student-t comopnent densities...
# mixture weights for all student-t comopnent densities...
# means for all student-t comopnent densities...
# variances for all student-t comopnent densities...

Dist 0 with mixture weight: 0.05441918 / log mixture weight: -2.9110386137302697
Dimension: 38
Eta: 8.073456 Inverse: 0.12386269275512246
log Scaling Constant: 5.8094706514253005
Means: 	-11.493	-5.604	3.684	1.581	4.618	0.552	-5.999	1.944	2.316	-1.548	0.146	-0.77	0.078	0.327	-0.074	0.121	0.198	-0.191	0.107	0.206	-0.486	0.108	0.522	-0.155	0.104	-0.095	0.335	-0.054	-0.024	-0.106	-0.18	0.274	0.104	-0.361	0.056	0.078	-0.134	0.081
Vars:  	5.877	0.862	1.093	2.029	0.829	3.561	2.138	8.006	3.592	2.884	2.991	1.582	0.798	1.238	0.287	0.086	0.068	0.533	1.135	0.785	1.118	0.951	0.476	0.371	0.163	0.115	0.038	0.014	0.02	0.034	0.07	0.058	0.136	0.061	0.066	0.054	0.028	0.016

Dist 1 with mixture weight: 0.06055425 / log mixture weight: -2.804215621520552
Dimension: 38
Eta: 11.27892 Inverse: 0.08866097108588411
log Scaling Constant: -0.4947584189055334
Means: 	-0.135	-4.282	3.03	-0.189	1.752	1.969	-0.525	0.052	0.026	-1.574	-0.612	0.269	-1.528	1.05	-0.059	0.2	0.994	-1.249	-0.485	0.529	0.067	-0.615	0.12	0.305	0.755	-2.41	0.618	-0.079	0.222	0.302	-0.39	-0.369	0.446	-0.009	-0.241	0.194	-0.108	0.919
Vars:  	10.334	3.267	1.336	1.53	2.337	0.616	1.874	1.08	0.857	1.583	1.887	0.632	2.752	0.58	0.089	0.211	0.355	0.36	0.748	0.902	0.801	0.419	1.064	0.262	0.39	0.333	0.258	0.018	0.046	0.097	0.086	0.112	0.083	0.136	0.078	0.072	0.039	0.065

Dist 2 with mixture weight: 0.02527999 / log mixture weight: -3.677742105273179
Dimension: 38
Eta: 4.408704 Inverse: 0.22682402810440436
log Scaling Constant: 13.766295164976672
Means: 	-15.633	2.087	3.982	1.028	1.78	-0.341	4.495	-4.643	1.796	1.491	-3.241	1.265	-4.898	0.726	-0.466	0.536	0.402	-0.173	0.071	0.064	-0.654	0.389	-0.188	-0.179	1.993	0.577	-0.853	-0.151	-0.303	0.388	0.173	-0.689	0.788	-0.068	-0.368	0.311	-0.339	-0.401
Vars:  	1.791	7.906	4.115	1.34	2.112	2.626	0.537	4.311	6.051	4.172	3.615	0.806	1.411	1.391	0.321	0.308	0.207	0.133	0.277	0.295	0.142	0.206	0.114	0.1	0.233	0.981	0.173	0.042	0.062	0.02	0.048	0.031	0.126	0.032	0.039	0.058	0.016	0.17

Dist 3 with mixture weight: 0.07699047 / log mixture weight: -2.5640736310218917
Dimension: 38
Eta: 11.38854 Inverse: 0.08780756795866722
log Scaling Constant: 6.1195539425377845
Means: 	-2.212	-2.059	3.227	0.479	3.354	0.576	-0.644	0.758	0.527	-0.516	-0.59	-0.16	4.643	0.713	0.281	0.852	-0.604	-0.114	-0.016	-0.333	-0.241	-0.268	0.562	0.355	-1.805	-1.78	0.238	0.061	0.076	0.329	-0.378	0.038	-0.023	-0.095	-0.143	0.074	0.047	0.872
Vars:  	11.3	1.192	1.386	1.038	1.107	1.078	1.473	0.528	0.911	1.325	0.588	0.24	2.509	0.325	0.204	0.278	0.293	0.285	0.27	0.181	0.254	0.133	0.168	0.044	0.487	1.099	0.1	0.066	0.026	0.067	0.131	0.106	0.053	0.048	0.039	0.066	0.034	0.167

Dist 4 with mixture weight: 0.03777622 / log mixture weight: -3.276075474852465
Dimension: 38
Eta: 3.327232 Inverse: 0.30055012695237365
log Scaling Constant: 25.473657222924125
Means: 	-21.93	0.33	4.034	1.203	7.854	-4.018	-2.033	1.09	2.283	-2.837	0.334	1.022	-1.25	-0.352	-0.921	-0.797	-0.049	0.711	0.309	-0.07	0.995	0.355	-0.832	0.116	0.303	3.182	-0.128	-0.075	0.107	-0.732	0.64	0.102	-0.104	-0.13	0.214	-0.133	-0.001	-1.352
Vars:  	1.712	3.896	0.765	0.826	1.016	0.83	2.628	1.49	1.24	2.081	1.449	1.285	1.41	0.457	0.247	0.145	0.172	0.143	0.38	0.381	0.269	0.221	0.159	0.131	0.281	0.37	0.083	0.009	0.038	0.041	0.039	0.02	0.023	0.019	0.023	0.018	0.014	0.081

Dist 5 with mixture weight: 0.08946731 / log mixture weight: -2.413881971818514
Dimension: 38
Eta: 9.970106 Inverse: 0.10029983633072707
log Scaling Constant: -1.7048473733898035
Means: 	-12.265	-4.242	2.944	-1.322	2.952	1.039	-1.451	1.484	2.343	-0.343	-1.655	-1.225	5.194	-0.848	0.161	0.002	-1.078	0.891	0.292	-0.441	0.018	0.443	-0.097	-0.11	-2.184	0.726	0.309	0.139	0.262	0.07	-0.276	0.049	-0.089	-0.235	-0.158	0.189	0.152	-0.154
Vars:  	7.742	2.277	0.609	4.462	1.423	5.98	3.9	8.466	1.839	1.392	0.862	0.726	1.724	1.109	0.102	0.351	0.299	0.317	0.676	0.674	0.487	0.252	0.525	0.307	0.29	0.853	0.112	0.066	0.09	0.08	0.109	0.129	0.138	0.089	0.045	0.092	0.032	0.124

Dist 6 with mixture weight: 0.02271806 / log mixture weight: -3.784595076098835
Dimension: 38
Eta: 16.50082 Inverse: 0.06060304881817994
log Scaling Constant: -6.533422525801761
Means: 	-16.423	-1.774	2.719	0.686	8.206	-0.089	-5.539	-1.921	4.891	-1.767	-5.659	1.599	-4.328	1.504	-0.479	0.237	0.592	-0.825	-0.672	0.682	0.542	-0.671	0.045	-0.033	1.632	1.485	-0.116	-0.038	-0.018	-0.772	0.289	0.564	0.228	-0.444	-0.017	0.715	-0.323	-0.616
Vars:  	4.163	3.205	1.258	0.616	5.461	1.318	1.222	3.02	2.528	6.792	1.51	0.678	1.647	0.612	0.054	0.597	0.209	0.202	1.096	1.327	0.581	1.175	0.783	0.355	0.169	0.907	0.348	0.033	0.027	0.059	0.242	0.071	0.109	0.076	0.122	0.064	0.032	0.215

Dist 7 with mixture weight: 0.06631512 / log mixture weight: -2.7133373534921064
Dimension: 38
Eta: 1.989069 Inverse: 0.5027477679255974
log Scaling Constant: 28.118697335409518
Means: 	-18.477	-4.713	1.179	-2.381	6.623	1.647	1.697	0.136	-0.388	0.006	-2.043	-0.715	3.261	-0.431	-0.507	-0.199	-0.825	1.175	0.235	-0.075	0.291	0.476	-0.709	0.187	-1.757	2.797	0.154	0.269	0.411	-0.578	0.017	-0.107	-0.003	-0.17	-0.068	0.27	0.031	-1.114
Vars:  	1.837	2.688	0.809	1.497	1.133	0.684	1.961	2.774	1.657	1.178	0.992	0.679	1.743	0.725	0.205	0.12	0.125	0.777	0.698	0.493	0.321	0.402	0.358	0.24	0.285	0.492	0.094	0.019	0.039	0.045	0.025	0.063	0.047	0.062	0.033	0.043	0.032	0.09

Dist 8 with mixture weight: 0.03872757 / log mixture weight: -3.25120352948426
Dimension: 38
Eta: 6.304035 Inverse: 0.15862856091376396
log Scaling Constant: 6.926625706076976
Means: 	-6.612	-5.132	5.869	-0.21	4.046	-0.153	-1.152	2.17	-2.827	-1.01	0.309	-0.931	-4.942	0.661	0.236	-0.163	0.978	-1.422	-0.107	0.824	-0.103	-0.308	0.307	-0.131	2.088	-0.839	0.119	-0.414	-0.097	0.033	0.147	0.004	0.01	0.459	0.013	-0.215	0.037	0.229
Vars:  	8.295	2.345	2.251	0.891	1.207	1.637	1.386	3.917	2.282	3.162	1.054	1.14	4.412	0.554	0.202	0.088	0.504	0.188	0.535	0.706	0.572	0.395	0.228	0.063	0.724	0.289	0.099	0.072	0.086	0.036	0.058	0.107	0.122	0.067	0.133	0.1	0.023	0.048

Dist 9 with mixture weight: 0.03146913 / log mixture weight: -3.4587482136645114
Dimension: 38
Eta: 9.938453 Inverse: 0.10061928149179755
log Scaling Constant: -1.8364418231406177
Means: 	-14.052	2.729	1.064	2.042	2.042	-4.637	2.853	2.257	-6.813	2.786	1.009	-4.31	-0.801	-0.315	-0.158	-0.282	0.034	0.231	-0.264	0.181	0.299	-0.511	0.503	-0.119	0.043	0.163	-0.752	0.19	-0.208	0.162	0.478	-0.616	0.004	0.768	-0.408	-0.079	0.327	-0.22
Vars:  	3.498	3.51	4.183	1.754	2.303	0.56	2.475	2.295	1.569	1.826	2.971	1.587	1.8	1.458	0.235	0.441	0.654	0.777	0.399	1.334	1.034	0.385	1.199	0.566	0.279	0.198	0.238	0.127	0.107	0.047	0.023	0.035	0.041	0.068	0.099	0.204	0.03	0.033

Dist 10 with mixture weight: 0.2103434 / log mixture weight: -1.5590138457154854
Dimension: 38
Eta: 9.295509 Inverse: 0.10757883188537605
log Scaling Constant: 20.184696941876446
Means: 	4.241	-2.21	1.367	1.276	2.366	0.217	-0.228	0.243	0.251	-1.117	0.012	-0.178	0.352	-0.043	-0.078	0.084	-0.022	0.015	0.02	-0.052	-0.077	-0.055	0.047	0.063	-0.074	-0.488	-0.083	0.072	-0.07	0.071	-0.018	-0.04	0.022	0.017	0.047	-0.058	-0.027	0.215
Vars:  	2.492	1.884	0.848	1.023	0.78	0.856	0.967	0.889	0.503	0.485	0.876	0.654	0.747	0.144	0.106	0.151	0.092	0.137	0.133	0.08	0.055	0.091	0.127	0.07	0.07	0.437	0.034	0.022	0.039	0.028	0.036	0.035	0.018	0.022	0.014	0.032	0.015	0.076

Dist 11 with mixture weight: 0.102247 / log mixture weight: -2.2803638243429485
Dimension: 38
Eta: 13.33097 Inverse: 0.07501329610673492
log Scaling Constant: -5.923740242312405
Means: 	-15.411	-0.173	3.567	1.287	4.476	-3.122	-1.634	5.551	-3.299	-1.933	2.981	-2.921	-1.826	0.203	-0.142	-0.031	0.164	-0.106	0.153	0.131	-0.057	0.091	-0.198	-0.169	0.621	0.851	-0.346	-0.057	-0.091	-0.205	0.43	0.05	-0.427	0.301	0.126	-0.349	0.164	-0.396
Vars:  	3.957	5.021	3.264	2.909	1.725	2.056	3.487	3.17	3.693	3.712	1.842	1.421	6.581	0.569	0.122	0.255	0.611	0.551	0.519	0.815	0.654	0.484	0.204	0.135	0.997	1.007	0.155	0.052	0.037	0.051	0.125	0.061	0.126	0.065	0.083	0.064	0.017	0.185

Dist 12 with mixture weight: 0.05904681 / log mixture weight: -2.8294247598132487
Dimension: 38
Eta: 44.52214 Inverse: 0.022460735265645362
log Scaling Constant: -7.160361506022653
Means: 	4.802	-2.285	1.962	1.657	2.615	0.591	0.086	0.092	-0.017	-1.294	0.003	0.353	-3.97	-0.731	0.84	-0.4	0.758	-0.339	-0.4	0.099	-0.103	0.021	0.041	-0.046	1.917	-2.092	0.105	-0.075	-0.291	0.293	-0.115	0.088	0.1	0.002	0.09	-0.132	-0.091	0.809
Vars:  	1.205	1.677	1.114	0.848	1.197	1.104	0.252	0.882	0.831	0.942	1.038	0.519	2.592	0.925	0.154	0.234	0.735	0.735	0.774	0.555	1.265	0.502	0.735	0.271	0.422	0.351	0.098	0.037	0.048	0.11	0.048	0.073	0.113	0.064	0.075	0.037	0.023	0.061

Dist 13 with mixture weight: 0.01083032 / log mixture weight: -4.525405670852665
Dimension: 38
Eta: 2.168072 Inverse: 0.4612392946359715
log Scaling Constant: 57.67903082993151
Means: 	-7.624	-10.616	5.75	-0.62	6.11	3.242	-4.733	-0.701	4.636	0.618	-1.866	1.568	-7.54	-0.785	-0.195	-0.692	1.975	0.013	-0.173	-1.014	0.843	0.581	-1.165	-0.169	2.956	0.59	0.965	-0.472	-0.068	-0.464	-0.464	0.665	0.271	-0.587	-0.002	0.215	-0.284	-0.456
Vars:  	0.42	0.772	0.332	0.14	0.172	0.143	0.517	1.018	3.443	0.305	1.481	1.064	0.067	0.12	0.033	0.258	0.063	0.02	0.247	0.722	0.367	0.336	0.167	0.012	0.005	0.016	0.01	0.002	0.003	0	0.001	0.001	0.011	0.033	0.02	0.037	0.034	0.001

Dist 14 with mixture weight: 0.07775391 / log mixture weight: -2.554206439798195
Dimension: 38
Eta: 20.99309 Inverse: 0.04763472171081056
log Scaling Constant: -13.51384736534078
Means: 	-15.113	0.374	2.396	0.994	3.714	-1.369	-5.474	4.979	1.361	-5.898	1.787	0.908	-0.515	-0.372	0.024	0.137	-0.379	0.374	-0.119	-0.364	0.299	0.108	0.065	-0.118	0.143	1.213	-0.763	0.152	-0.105	-0.262	0.391	0.557	-0.658	-0.103	0.578	-0.305	-0.141	-0.516
Vars:  	5.479	4.332	2.457	0.952	1.747	2.059	1.266	2.161	3.694	1.784	2.201	2.047	5.395	2.705	0.223	0.18	0.579	1.217	1.224	2.249	0.55	1.048	0.981	0.367	0.9	0.805	0.229	0.043	0.042	0.085	0.113	0.074	0.171	0.099	0.108	0.105	0.053	0.101

Dist 15 with mixture weight: 0.03606128 / log mixture weight: -3.3225355654420508
Dimension: 38
Eta: 15.67321 Inverse: 0.063803139242057
log Scaling Constant: 1.684238528177275
Means: 	-5.644	-5.724	2.595	-0.358	0.466	4.354	-0.417	-0.08	0.011	-1.663	-0.392	-0.992	3.861	-0.901	0.21	-0.393	0.012	0.252	0.661	-0.691	0.021	0.29	-0.365	0.209	-1.339	-0.964	0.931	-0.079	0.183	0.6	-0.886	-0.429	0.67	-0.146	-0.417	0.359	0.077	0.49
Vars:  	6.57	2.017	0.58	1.759	0.508	2.523	4.004	3.074	1.23	0.807	0.819	0.298	2.721	0.279	0.169	0.212	0.116	0.153	0.561	0.322	0.671	0.375	0.225	0.129	0.37	0.939	0.131	0.02	0.031	0.026	0.077	0.1	0.17	0.067	0.035	0.036	0.029	0.095
