-----------------------------------------------------------------------
Creating model for GO from model file: Go.mfc.tmm...
# Dimension of data: 38
# Number of student-t components in mixture: 16
# eta values for all student-t comopnent densities...
# mixture weights for all student-t comopnent densities...
# means for all student-t comopnent densities...
# variances for all student-t comopnent densities...

Dist 0 with mixture weight: 0.05441918 / log mixture weight: -2.9110386137302697
Dimension: 38
Eta: 8.073456 Inverse: 0.12386269275512246
log Scaling Constant: 5.8094706514253005
Means: 	-11.493	-5.604	3.684	1.581	4.618	0.552	-5.999	1.944	2.316	-1.548	0.146	-0.77	0.078	0.327	-0.074	0.121	0.198	-0.191	0.107	0.206	-0.486	0.108	0.522	-0.155	0.104	-0.095	0.335	-0.054	-0.024	-0.106	-0.18	0.274	0.104	-0.361	0.056	0.078	-0.134	0.081
Vars:  	5.877	0.862	1.093	2.029	0.829	3.561	2.138	8.006	3.592	2.884	2.991	1.582	0.798	1.238	0.287	0.086	0.068	0.533	1.135	0.785	1.118	0.951	0.476	0.371	0.163	0.115	0.038	0.014	0.02	0.034	0.07	0.058	0.136	0.061	0.066	0.054	0.028	0.016

Dist 1 with mixture weight: 0.06055425 / log mixture weight: -2.804215621520552
Dimension: 38
Eta: 11.27892 Inverse: 0.08866097108588411
log Scaling Constant: -0.4947584189055334
Means: 	-0.135	-4.282	3.03	-0.189	1.752	1.969	-0.525	0.052	0.026	-1.574	-0.612	0.269	-1.528	1.05	-0.059	0.2	0.994	-1.249	-0.485	0.529	0.067	-0.615	0.12	0.305	0.755	-2.41	0.618	-0.079	0.222	0.302	-0.39	-0.369	0.446	-0.009	-0.241	0.194	-0.108	0.919
Vars:  	10.334	3.267	1.336	1.53	2.337	0.616	1.874	1.08	0.857	1.583	1.887	0.632	2.752	0.58	0.089	0.211	0.355	0.36	0.748	0.902	0.801	0.419	1.064	0.262	0.39	0.333	0.258	0.018	0.046	0.097	0.086	0.112	0.083	0.136	0.078	0.072	0.039	0.065

Dist 2 with mixture weight: 0.02527999 / log mixture weight: -3.677742105273179
Dimension: 38
Eta: 4.408704 Inverse: 0.22682402810440436
log Scaling Constant: 13.766295164976672
Means: 	-15.633	2.087	3.982	1.028	1.78	-0.341	4.495	-4.643	1.796	1.491	-3.241	1.265	-4.898	0.726	-0.466	0.536	0.402	-0.173	0.071	0.064	-0.654	0.389	-0.188	-0.179	1.993	0.577	-0.853	-0.151	-0.303	0.388	0.173	-0.689	0.788	-0.068	-0.368	0.311	-0.339	-0.401
Vars:  	1.791	7.906	4.115	1.34	2.112	2.626	0.537	4.311	6.051	4.172	3.615	0.806	1.411	1.391	0.321	0.308	0.207	0.133	0.277	0.295	0.142	0.206	0.114	0.1	0.233	0.981	0.173	0.042	0.062	0.02	0.048	0.031	0.126	0.032	0.039	0.058	0.016	0.17

Dist 3 with mixture weight: 0.07699047 / log mixture weight: -2.5640736310218917
Dimension: 38
Eta: 11.38854 Inverse: 0.08780756795866722
log Scaling Constant: 6.1195539425377845
Means: 	-2.212	-2.059	3.227	0.479	3.354	0.576	-0.644	0.758	0.527	-0.516	-0.59	-0.16	4.643	0.713	0.281	0.852	-0.604	-0.114	-0.016	-0.333	-0.241	-0.268	0.562	0.355	-1.805	-1.78	0.238	0.061	0.076	0.329	-0.378	0.038	-0.023	-0.095	-0.143	0.074	0.047	0.872
Vars:  	11.3	1.192	1.386	1.038	1.107	1.078	1.473	0.528	0.911	1.325	0.588	0.24	2.509	0.325	0.204	0.278	0.293	0.285	0.27	0.181	0.254	0.133	0.168	0.044	0.487	1.099	0.1	0.066	0.026	0.067	0.131	0.106	0.053	0.048	0.039	0.066	0.034	0.167

Dist 4 with mixture weight: 0.03777622 / log mixture weight: -3.276075474852465
Dimension: 38
Eta: 3.327232 Inverse: 0.30055012695237365
log Scaling Constant: 25.473657222924125
Means: 	-21.93	0.33	4.034	1.203	7.854	-4.018	-2.033	1.09	2.283	-2.837	0.334	1.022	-1.25	-0.352	-0.921	-0.797	-0.049	0.711	0.309	-0.07	0.995	0.355	-0.832	0.116	0.303	3.182	-0.128	-0.075	0.107	-0.732	0.64	0.102	-0.104	-0.13	0.214	-0.133	-0.001	-1.352
Vars:  	1.712	3.896	0.765	0.826	1.016	0.83	2.628	1.49	1.24	2.081	1.449	1.285	1.41	0.457	0.247	0.145	0.172	0.143	0.38	0.381	0.269	0.221	0.159	0.131	0.281	0.37	0.083	0.009	0.038	0.041	0.039	0.02	0.023	0.019	0.023	0.018	0.014	0.081

Dist 5 with mixture weight: 0.08946731 / log mixture weight: -2.413881971818514
Dimension: 38
Eta: 9.970106 Inverse: 0.10029983633072707
log Scaling Constant: -1.7048473733898035
Means: 	-12.265	-4.242	2.944	-1.322	2.952	1.039	-1.451	1.484	2.343	-0.343	-1.655	-1.225	5.194	-0.848	0.161	0.002	-1.078	0.891	0.292	-0.441	0.018	0.443	-0.097	-0.11	-2.184	0.726	0.309	0.139	0.262	0.07	-0.276	0.049	-0.089	-0.235	-0.158	0.189	0.152	-0.154
Vars:  	7.742	2.277	0.609	4.462	1.423	5.98	3.9	8.466	1.839	1.392	0.862	0.726	1.724	1.109	0.102	0.351	0.299	0.317	0.676	0.674	0.487	0.252	0.525	0.307	0.29	0.853	0.112	0.066	0.09	0.08	0.109	0.129	0.138	0.089	0.045	0.092	0.032	0.124

Dist 6 with mixture weight: 0.02271806 / log mixture weight: -3.784595076098835
Dimension: 38
Eta: 16.50082 Inverse: 0.06060304881817994
log Scaling Constant: -6.533422525801761
Means: 	-16.423	-1.774	2.719	0.686	8.206	-0.089	-5.539	-1.921	4.891	-1.767	-5.659	1.599	-4.328	1.504	-0.479	0.237	0.592	-0.825	-0.672	0.682	0.542	-0.671	0.045	-0.033	1.632	1.485	-0.116	-0.038	-0.018	-0.772	0.289	0.564	0.228	-0.444	-0.017	0.715	-0.323	-0.616
Vars:  	4.163	3.205	1.258	0.616	5.461	1.318	1.222	3.02	2.528	6.792	1.51	0.678	1.647	0.612	0.054	0.597	0.209	0.202	1.096	1.327	0.581	1.175	0.783	0.355	0.169	0.907	0.348	0.033	0.027	0.059	0.242	0.071	0.109	0.076	0.122	0.064	0.032	0.215

Dist 7 with mixture weight: 0.06631512 / log mixture weight: -2.7133373534921064
Dimension: 38
Eta: 1.989069 Inverse: 0.5027477679255974
log Scaling Constant: 28.118697335409518
Means: 	-18.477	-4.713	1.179	-2.381	6.623	1.647	1.697	0.136	-0.388	0.006	-2.043	-0.715	3.261	-0.431	-0.507	-0.199	-0.825	1.175	0.235	-0.075	0.291	0.476	-0.709	0.187	-1.757	2.797	0.154	0.269	0.411	-0.578	0.017	-0.107	-0.003	-0.17	-0.068	0.27	0.031	-1.114
Vars:  	1.837	2.688	0.809	1.497	1.133	0.684	1.961	2.774	1.657	1.178	0.992	0.679	1.743	0.725	0.205	0.12	0.125	0.777	0.698	0.493	0.321	0.402	0.358	0.24	0.285	0.492	0.094	0.019	0.039	0.045	0.025	0.063	0.047	0.062	0.033	0.043	0.032	0.09

Dist 8 with mixture weight: 0.03872757 / log mixture weight: -3.25120352948426
Dimension: 38
Eta: 6.304035 Inverse: 0.15862856091376396
log Scaling Constant: 6.926625706076976
Means: 	-6.612	-5.132	5.869	-0.21	4.046	-0.153	-1.152	2.17	-2.827	-1.01	0.309	-0.931	-4.942	0.661	0.236	-0.163	0.978	-1.422	-0.107	0.824	-0.103	-0.308	0.307	-0.131	2.088	-0.839	0.119	-0.414	-0.097	0.033	0.147	0.004	0.01	0.459	0.013	-0.215	0.037	0.229
Vars:  	8.295	2.345	2.251	0.891	1.207	1.637	1.386	3.917	2.282	3.162	1.054	1.14	4.412	0.554	0.202	0.088	0.504	0.188	0.535	0.706	0.572	0.395	0.228	0.063	0.724	0.289	0.099	0.072	0.086	0.036	0.058	0.107	0.122	0.067	0.133	0.1	0.023	0.048

Dist 9 with mixture weight: 0.03146913 / log mixture weight: -3.4587482136645114
Dimension: 38
Eta: 9.938453 Inverse: 0.10061928149179755
log Scaling Constant: -1.8364418231406177
Means: 	-14.052	2.729	1.064	2.042	2.042	-4.637	2.853	2.257	-6.813	2.786	1.009	-4.31	-0.801	-0.315	-0.158	-0.282	0.034	0.231	-0.264	0.181	0.299	-0.511	0.503	-0.119	0.043	0.163	-0.752	0.19	-0.208	0.162	0.478	-0.616	0.004	0.768	-0.408	-0.079	0.327	-0.22
Vars:  	3.498	3.51	4.183	1.754	2.303	0.56	2.475	2.295	1.569	1.826	2.971	1.587	1.8	1.458	0.235	0.441	0.654	0.777	0.399	1.334	1.034	0.385	1.199	0.566	0.279	0.198	0.238	0.127	0.107	0.047	0.023	0.035	0.041	0.068	0.099	0.204	0.03	0.033

Dist 10 with mixture weight: 0.2103434 / log mixture weight: -1.5590138457154854
Dimension: 38
Eta: 9.295509 Inverse: 0.10757883188537605
log Scaling Constant: 20.184696941876446
Means: 	4.241	-2.21	1.367	1.276	2.366	0.217	-0.228	0.243	0.251	-1.117	0.012	-0.178	0.352	-0.043	-0.078	0.084	-0.022	0.015	0.02	-0.052	-0.077	-0.055	0.047	0.063	-0.074	-0.488	-0.083	0.072	-0.07	0.071	-0.018	-0.04	0.022	0.017	0.047	-0.058	-0.027	0.215
Vars:  	2.492	1.884	0.848	1.023	0.78	0.856	0.967	0.889	0.503	0.485	0.876	0.654	0.747	0.144	0.106	0.151	0.092	0.137	0.133	0.08	0.055	0.091	0.127	0.07	0.07	0.437	0.034	0.022	0.039	0.028	0.036	0.035	0.018	0.022	0.014	0.032	0.015	0.076

Dist 11 with mixture weight: 0.102247 / log mixture weight: -2.2803638243429485
Dimension: 38
Eta: 13.33097 Inverse: 0.07501329610673492
log Scaling Constant: -5.923740242312405
Means: 	-15.411	-0.173	3.567	1.287	4.476	-3.122	-1.634	5.551	-3.299	-1.933	2.981	-2.921	-1.826	0.203	-0.142	-0.031	0.164	-0.106	0.153	0.131	-0.057	0.091	-0.198	-0.169	0.621	0.851	-0.346	-0.057	-0.091	-0.205	0.43	0.05	-0.427	0.301	0.126	-0.349	0.164	-0.396
Vars:  	3.957	5.021	3.264	2.909	1.725	2.056	3.487	3.17	3.693	3.712	1.842	1.421	6.581	0.569	0.122	0.255	0.611	0.551	0.519	0.815	0.654	0.484	0.204	0.135	0.997	1.007	0.155	0.052	0.037	0.051	0.125	0.061	0.126	0.065	0.083	0.064	0.017	0.185

Dist 12 with mixture weight: 0.05904681 / log mixture weight: -2.8294247598132487
Dimension: 38
Eta: 44.52214 Inverse: 0.022460735265645362
log Scaling Constant: -7.160361506022653
Means: 	4.802	-2.285	1.962	1.657	2.615	0.591	0.086	0.092	-0.017	-1.294	0.003	0.353	-3.97	-0.731	0.84	-0.4	0.758	-0.339	-0.4	0.099	-0.103	0.021	0.041	-0.046	1.917	-2.092	0.105	-0.075	-0.291	0.293	-0.115	0.088	0.1	0.002	0.09	-0.132	-0.091	0.809
Vars:  	1.205	1.677	1.114	0.848	1.197	1.104	0.252	0.882	0.831	0.942	1.038	0.519	2.592	0.925	0.154	0.234	0.735	0.735	0.774	0.555	1.265	0.502	0.735	0.271	0.422	0.351	0.098	0.037	0.048	0.11	0.048	0.073	0.113	0.064	0.075	0.037	0.023	0.061

Dist 13 with mixture weight: 0.01083032 / log mixture weight: -4.525405670852665
Dimension: 38
Eta: 2.168072 Inverse: 0.4612392946359715
log Scaling Constant: 57.67903082993151
Means: 	-7.624	-10.616	5.75	-0.62	6.11	3.242	-4.733	-0.701	4.636	0.618	-1.866	1.568	-7.54	-0.785	-0.195	-0.692	1.975	0.013	-0.173	-1.014	0.843	0.581	-1.165	-0.169	2.956	0.59	0.965	-0.472	-0.068	-0.464	-0.464	0.665	0.271	-0.587	-0.002	0.215	-0.284	-0.456
Vars:  	0.42	0.772	0.332	0.14	0.172	0.143	0.517	1.018	3.443	0.305	1.481	1.064	0.067	0.12	0.033	0.258	0.063	0.02	0.247	0.722	0.367	0.336	0.167	0.012	0.005	0.016	0.01	0.002	0.003	0	0.001	0.001	0.011	0.033	0.02	0.037	0.034	0.001

Dist 14 with mixture weight: 0.07775391 / log mixture weight: -2.554206439798195
Dimension: 38
Eta: 20.99309 Inverse: 0.04763472171081056
log Scaling Constant: -13.51384736534078
Means: 	-15.113	0.374	2.396	0.994	3.714	-1.369	-5.474	4.979	1.361	-5.898	1.787	0.908	-0.515	-0.372	0.024	0.137	-0.379	0.374	-0.119	-0.364	0.299	0.108	0.065	-0.118	0.143	1.213	-0.763	0.152	-0.105	-0.262	0.391	0.557	-0.658	-0.103	0.578	-0.305	-0.141	-0.516
Vars:  	5.479	4.332	2.457	0.952	1.747	2.059	1.266	2.161	3.694	1.784	2.201	2.047	5.395	2.705	0.223	0.18	0.579	1.217	1.224	2.249	0.55	1.048	0.981	0.367	0.9	0.805	0.229	0.043	0.042	0.085	0.113	0.074	0.171	0.099	0.108	0.105	0.053	0.101

Dist 15 with mixture weight: 0.03606128 / log mixture weight: -3.3225355654420508
Dimension: 38
Eta: 15.67321 Inverse: 0.063803139242057
log Scaling Constant: 1.684238528177275
Means: 	-5.644	-5.724	2.595	-0.358	0.466	4.354	-0.417	-0.08	0.011	-1.663	-0.392	-0.992	3.861	-0.901	0.21	-0.393	0.012	0.252	0.661	-0.691	0.021	0.29	-0.365	0.209	-1.339	-0.964	0.931	-0.079	0.183	0.6	-0.886	-0.429	0.67	-0.146	-0.417	0.359	0.077	0.49
Vars:  	6.57	2.017	0.58	1.759	0.508	2.523	4.004	3.074	1.23	0.807	0.819	0.298	2.721	0.279	0.169	0.212	0.116	0.153	0.561	0.322	0.671	0.375	0.225	0.129	0.37	0.939	0.131	0.02	0.031	0.026	0.077	0.1	0.17	0.067	0.035	0.036	0.029	0.095

-----------------------------------------------------------------------

Creating model for JUMP from model file: Jump.mfc.tmm...
# Dimension of data: 38
# Number of student-t components in mixture: 16
# eta values for all student-t comopnent densities...
# mixture weights for all student-t comopnent densities...
# means for all student-t comopnent densities...
# variances for all student-t comopnent densities...

Dist 0 with mixture weight: 0.0587278 / log mixture weight: -2.8348420697100374
Dimension: 38
Eta: 5.943947 Inverse: 0.1682383776302178
log Scaling Constant: 12.679210487418622
Means: 	-8.116	-7.208	1.97	2.091	7.242	1.148	-3.458	-0.534	3.977	-1.144	-1.564	0.673	-0.614	0.166	-0.023	0.022	0.015	-0.14	0.194	-0.007	-0.183	0.046	0.042	-0.156	0.216	0.061	0.107	-0.002	0.084	-0.131	-0.039	0.119	-0.003	-0.09	-0.008	0.032	-0.009	-0.034
Vars:  	22.087	3.463	1.622	2.397	1.506	2.5	1.855	6.182	2.358	2.683	1.656	1.598	4.031	0.275	0.151	0.093	0.449	0.208	0.239	0.314	0.166	0.287	0.159	0.085	0.605	0.21	0.056	0.034	0.062	0.043	0.042	0.036	0.039	0.026	0.045	0.007	0.016	0.035

Dist 1 with mixture weight: 0.009771987 / log mixture weight: -4.6282354559190875
Dimension: 38
Eta: 2.119392 Inverse: 0.4718334314746871
log Scaling Constant: 56.38555867653716
Means: 	-5.094	-13.025	0.292	2.625	5.114	1.901	-1.816	1.483	0.671	0.642	-1.195	-1.291	5.643	-1.39	-0.105	-0.652	0.385	0.976	-1.219	-0.02	1.693	-0.376	-0.813	0.67	-2.522	-0.275	2.289	-0.042	-0.157	-0.524	-0.239	0.708	-0.233	-0.485	-0.103	0.246	0.123	-0.061
Vars:  	5.833	1.025	0.028	0.411	0.115	1.33	1.912	0.469	0.06	0.628	2.442	0.35	0.045	0.834	0.1	0.023	0.086	0.016	0.032	0.145	0	0.032	0.771	0.493	0.008	0.239	0	0.018	0.003	0.021	0.011	0.005	0.01	0.02	0.018	0.061	0.002	0.043

Dist 2 with mixture weight: 0.01302932 / log mixture weight: -4.340553076467354
Dimension: 38
Eta: 3.87596 Inverse: 0.2580005985613887
log Scaling Constant: 22.344374907042297
Means: 	-8.783	-2.451	10.005	-1.733	0.124	3.956	1.364	-3.985	3.078	-0.933	-1.338	1.053	-7.045	2.356	0.488	-0.701	-0.437	0.224	1.147	-1.856	0.841	0.6	-1.163	0.438	2.795	0.221	0.076	-1.212	0.663	0.388	-0.493	0.02	0.512	-0.483	0.236	0.017	-0.229	-0.158
Vars:  	33.111	7.351	0.643	2.795	1.264	1.575	1.412	1.918	1.532	1.413	0.081	0.249	0.339	0.064	0.483	0.448	0.252	0.38	0.13	0.415	0.539	0.089	0.249	0.06	0.087	0.937	0.178	0.001	0.014	0.009	0.007	0.071	0.056	0.055	0.166	0.143	0.072	0.121

Dist 3 with mixture weight: 0.2944588 / log mixture weight: -1.22261618380958
Dimension: 38
Eta: 15.45734 Inverse: 0.06469418412223578
log Scaling Constant: 20.843240024976417
Means: 	4.567	-2.571	0.779	0.806	1.784	0.075	0.281	-0.002	-0.285	-1.68	-0.448	-0.107	0.091	-0.054	-0.035	-0.016	-0.019	0.009	0.004	-0.022	-0.016	-0.046	0.013	-0.005	-0.022	-0.121	-0.015	0.001	-0.002	0.014	-0.015	-0.009	0.006	0.018	-0.015	-0.016	0.018	0.047
Vars:  	1.887	0.92	1.244	0.884	0.816	0.806	0.632	0.772	0.758	0.838	0.638	0.435	0.241	0.121	0.17	0.101	0.1	0.059	0.064	0.11	0.08	0.108	0.084	0.051	0.014	0.129	0.024	0.038	0.017	0.03	0.011	0.018	0.022	0.017	0.022	0.018	0.008	0.014

Dist 4 with mixture weight: 0.04886696 / log mixture weight: -3.018653775487199
Dimension: 38
Eta: 7.310128 Inverse: 0.13679651026630452
log Scaling Constant: 8.32655470942818
Means: 	-15.779	4.048	0.565	3.518	1.97	-1.575	3.616	2.398	-4.974	0.615	2.094	-2.654	0.218	-0.611	-0.341	0.435	0.121	0.145	-0.574	0.214	0.455	-0.297	0.148	-0.269	-0.146	0.843	-0.504	0.076	-0.046	0.055	0.069	-0.155	-0.102	0.224	-0.049	-0.199	0.103	-0.287
Vars:  	11.495	2.037	1.1	2.665	1.081	1.861	1.165	3.993	0.635	1.659	3.186	1.392	1.041	1.802	0.208	0.178	0.205	0.235	0.166	0.265	0.425	0.217	0.439	0.153	0.09	0.808	0.17	0.023	0.04	0.05	0.083	0.058	0.029	0.05	0.068	0.046	0.025	0.124

Dist 5 with mixture weight: 0.09802315 / log mixture weight: -2.322551603718381
Dimension: 38
Eta: 16.25392 Inverse: 0.06152362014824731
log Scaling Constant: 2.178481146510812
Means: 	3.389	-3.324	0.805	1.987	2.815	0.306	-0.454	0.66	0.481	-1.674	-0.815	-0.138	3.447	0.487	0.306	-0.534	-0.441	0.238	0.514	-0.2	-0.44	-0.08	0.085	0.249	-1.257	-2.067	0.128	0.212	-0.06	0.159	-0.157	0.033	-0.031	-0.004	0.016	0.037	-0.002	0.843
Vars:  	4.484	1.732	0.723	1.087	1.32	0.281	1.157	1.098	0.795	0.804	0.72	0.901	2.379	0.942	0.119	0.383	0.126	0.245	0.321	0.244	0.186	0.25	0.312	0.147	0.367	0.748	0.121	0.063	0.073	0.062	0.027	0.121	0.043	0.091	0.133	0.051	0.026	0.103

Dist 6 with mixture weight: 0.04294665 / log mixture weight: -3.1477966312655603
Dimension: 38
Eta: 7.878584 Inverse: 0.12692636138676697
log Scaling Constant: 11.025748780706266
Means: 	-10.255	-6.468	0.553	5.383	4.541	-0.948	-3.207	3.17	1.387	-2.988	-0.587	-1.637	2.959	-0.867	0.002	-0.007	-0.236	0.408	-0.091	-0.557	0.29	0.099	-0.408	0.379	-1.15	0.684	0.148	0.068	-0.306	-0.049	0.103	0.24	-0.146	-0.105	0.047	-0.02	0.167	-0.213
Vars:  	4.782	0.992	1.231	1.357	0.633	0.791	0.458	0.894	2.059	1.009	0.848	0.853	3.279	0.49	0.091	0.136	0.233	0.31	0.482	0.265	0.629	0.395	0.198	0.168	0.425	0.857	0.073	0.02	0.096	0.017	0.073	0.061	0.045	0.022	0.073	0.028	0.026	0.106

Dist 7 with mixture weight: 0.1172422 / log mixture weight: -2.1435133983888583
Dimension: 38
Eta: 30.63733 Inverse: 0.032639919993028114
log Scaling Constant: -9.42369483890674
Means: 	4.877	-3.537	1.112	1.266	2.427	0.743	0.801	-0.037	-0.34	-1.931	-0.263	0.318	-3.589	0.109	0.618	-0.322	0.435	-0.143	-0.054	-0.066	0.102	-0.166	-0.092	0.198	1.527	-2.196	0.077	-0.051	0.278	0.213	-0.266	-0.214	0.158	0.189	0.034	-0.073	-0.073	0.797
Vars:  	2.271	2.224	0.854	1.43	0.935	1.107	1.24	1.157	0.946	1.742	0.654	0.424	4.694	0.759	0.537	0.455	0.684	0.504	0.813	0.74	0.883	0.815	0.285	0.192	0.715	0.718	0.137	0.042	0.101	0.068	0.053	0.114	0.098	0.109	0.102	0.049	0.042	0.136

Dist 8 with mixture weight: 0.03799127 / log mixture weight: -3.270398882491407
Dimension: 38
Eta: 6.454349 Inverse: 0.1549342931409504
log Scaling Constant: 26.70258645298291
Means: 	0.767	-4.45	0.571	2.468	3.174	0.01	-0.386	1.063	0.181	-1.592	-1.039	-0.92	-0.693	0.649	0.085	-0.344	-0.188	-0.131	0.428	-0.063	-0.451	0.326	-0.143	0.02	0.228	-0.106	0.121	-0.032	-0.074	0.033	0.019	-0.013	-0.031	-0.042	0.022	0.156	0.044	0.066
Vars:  	7.338	4.253	0.438	3.731	1.5	0.249	1.611	0.376	0.66	0.356	0.404	0.625	0.985	0.062	0.157	0.095	0.309	0.047	0.3	0.117	0.121	0.171	0.097	0.036	0.032	0.298	0.043	0.007	0.025	0.013	0.012	0.014	0.024	0.021	0.022	0.018	0.012	0.026

Dist 9 with mixture weight: 0.03907137 / log mixture weight: -3.2423653052624615
Dimension: 38
Eta: 7.176458 Inverse: 0.13934450671905277
log Scaling Constant: 5.038200859462648
Means: 	-16.354	-4.32	1.663	0.742	6.451	0.032	-4.462	-0.085	5.043	-4.133	-1.63	1.288	-4.602	-0.001	-0.182	0.811	0.582	-0.761	-0.888	0.503	0.62	-0.316	-0.024	-0.088	1.581	2.052	-0.115	-0.244	0.355	-0.322	-0.066	0.252	0.09	-0.42	0.29	0.032	-0.208	-0.806
Vars:  	8.745	4.554	4.07	1.029	3.442	2.839	4.11	3.486	0.744	8.826	3.402	1.254	1.394	0.189	0.124	0.29	0.181	0.176	0.644	0.348	0.183	0.183	0.129	0.216	0.306	0.86	0.08	0.046	0.018	0.164	0.071	0.139	0.077	0.03	0.122	0.078	0.027	0.167

Dist 10 with mixture weight: 0.05741716 / log mixture weight: -2.857412065630837
Dimension: 38
Eta: 30.75737 Inverse: 0.03251253276856896
log Scaling Constant: -9.398890258720101
Means: 	-5.83	-5.837	-0.193	3.074	4.358	0.164	-1.285	-0.206	2.303	-0.992	-1.5	-0.12	6.154	-0.23	-0.252	-0.183	-0.694	0.576	0.263	0.018	-0.401	-0.146	0.111	-0.099	-2.311	0.623	0.214	0.317	-0.329	-0.141	0.069	0.222	-0.046	-0.233	-0.046	0.075	0.086	-0.172
Vars:  	19.46	1.915	1.426	3.587	1.175	2.322	2.972	1.064	0.628	1.273	1.938	1.958	0.394	0.761	0.156	0.261	0.657	0.169	1.079	0.645	0.657	0.848	0.443	0.27	0.08	1.562	0.093	0.043	0.107	0.051	0.058	0.091	0.086	0.066	0.059	0.06	0.063	0.179

Dist 11 with mixture weight: 0.03977029 / log mixture weight: -3.2246351278605343
Dimension: 38
Eta: 10.11211 Inverse: 0.09889132930713769
log Scaling Constant: 10.278527435246623
Means: 	-12.825	-2.812	4.325	2.452	3.414	-4.503	1.959	3.299	-4.992	1.444	-0.795	-1.739	-1.016	0.351	0.048	-0.024	-0.029	-0.113	0.078	0.186	-0.032	0.085	0.134	-0.077	0.376	0.166	-0.063	-0.103	-0.037	0.076	0.186	-0.157	-0.054	0.289	-0.174	0.02	0.069	-0.119
Vars:  	4.403	17.798	0.73	1.523	3.366	2.339	2.532	2.63	2.295	2.307	3.057	0.337	1.175	0.679	0.094	0.138	0.186	0.281	0.274	0.101	0.495	0.424	0.189	0.091	0.176	0.16	0.077	0.006	0.035	0.027	0.026	0.027	0.028	0.032	0.034	0.025	0.011	0.014

Dist 12 with mixture weight: 0.02391109 / log mixture weight: -3.733412910930745
Dimension: 38
Eta: 15.40786 Inverse: 0.06490193965936866
log Scaling Constant: -11.68520179353191
Means: 	-14.815	0.334	3.862	2.01	1.681	-2.578	6.045	-2.989	-2.773	2.997	-3.466	0.568	-3.727	0.515	-0.471	0.318	0.154	-0.675	0.149	0.432	-0.3	0.261	0.538	-0.279	1.27	1.551	-0.329	-0.39	0.077	0.264	0.38	-0.741	0.41	0.361	-0.577	0.433	-0.144	-0.726
Vars:  	26.414	12.387	4.173	2.745	2.274	2.178	1.87	2.418	5.154	2.408	0.957	0.619	6.769	5.147	0.794	0.479	0.89	0.347	0.954	0.377	1.262	0.341	0.662	0.179	0.986	2.765	0.406	0.015	0.043	0.078	0.06	0.068	0.092	0.128	0.081	0.069	0.016	0.349

Dist 13 with mixture weight: 0.07426038 / log mixture weight: -2.600177713090357
Dimension: 38
Eta: 20.51638 Inverse: 0.04874154212390295
log Scaling Constant: -7.364610383732057
Means: 	-15.514	-1.475	2.29	2.592	5.919	-3.128	-2.251	4.59	0.007	-4.611	1.523	-0.909	-0.81	0.007	-0.224	0.509	-0.007	-0.212	-0.208	0.221	0.024	0.197	0.055	-0.353	0.192	1.543	-0.19	-0.019	-0.089	-0.257	0.237	0.215	-0.323	0.01	0.256	-0.189	0.093	-0.558
Vars:  	8.294	4.265	5.935	1.16	5.333	2.181	3.544	1.749	3.601	3.928	1.687	3.151	5.289	0.364	0.146	0.571	0.338	0.325	0.44	0.266	0.459	0.303	0.159	0.193	0.778	1.661	0.042	0.034	0.041	0.084	0.038	0.056	0.045	0.051	0.067	0.029	0.036	0.219

Dist 14 with mixture weight: 0.01955133 / log mixture weight: -3.9347119641742077
Dimension: 38
Eta: 250.0 Inverse: 0.004
log Scaling Constant: -18.13934467835918
Means: 	-18.113	-5.123	2.091	1.67	6.512	-1.782	-2.455	-1.025	3.735	-1.754	-1.79	1.652	3.781	0.012	-1.094	0.407	-0.248	0.565	0.385	-0.342	-0.235	0.079	0.032	-0.142	-1.57	2.921	0.105	-0.003	-0.053	-0.515	0.247	0.305	0.196	-0.524	0.044	0.203	-0.249	-1.115
Vars:  	9.234	9.263	4.331	1.204	2.139	3.603	3.552	2.907	5.63	1.055	1.645	2.273	2.324	0.716	0.047	0.433	1.187	0.345	0.918	0.432	0.517	0.171	0.212	0.336	0.354	0.598	0.067	0.037	0.057	0.049	0.103	0.115	0.063	0.084	0.103	0.026	0.048	0.108

Dist 15 with mixture weight: 0.0249603 / log mixture weight: -3.6904687163223713
Dimension: 38
Eta: 3.125308 Inverse: 0.3199684639081972
log Scaling Constant: 20.030277075247778
Means: 	-14.932	5.64	-0.407	3.597	-0.908	0.587	7.586	-5.496	-1.866	6.647	-8.805	3.092	0.145	-0.054	-0.231	0.61	-0.021	-0.68	-0.035	0.633	-1.154	0.409	-0.067	-0.62	-0.037	0.293	-0.887	0.472	-0.242	0.24	0.072	-0.485	0.22	0.331	-0.694	0.6	-0.235	-0.299
Vars:  	1.281	1.042	0.681	1.783	0.508	1.036	0.441	0.906	4.258	3.19	1.33	2.436	0.566	1.726	0.911	0.277	0.161	0.026	0.551	0.111	0.709	1.787	0.92	0.508	0.059	0.814	0.338	0.103	0.029	0.057	0.019	0.01	0.047	0.163	0.113	0.026	0.092	0.069

-----------------------------------------------------------------------

Creating model for BOTH from model file: Go-Jump.mfc.tmm...
# Dimension of data: 38
# Number of student-t components in mixture: 16
# eta values for all student-t comopnent densities...
# mixture weights for all student-t comopnent densities...
# means for all student-t comopnent densities...
# variances for all student-t comopnent densities...

Dist 0 with mixture weight: 0.06901129 / log mixture weight: -2.673485164581286
Dimension: 38
Eta: 2.911005 Inverse: 0.3435239719615734
log Scaling Constant: 24.28991901505202
Means: 	2.045	-11.492	0.945	1.363	-3.099	2.607	-4.957	-3.729	1.027	6.896	4.517	2.624	-0.163	0.259	-0.523	-0.282	0.07	-0.096	0.379	-0.256	0.088	0.717	0.062	-0.397	0.127	-0.481	0.152	-0.338	-0.151	0.123	-0.293	0.088	0.194	-0.204	-0.359	-0.107	0.016	0.062
Vars:  	2.518	1.767	1.196	1.627	1.301	1.125	1.318	0.835	1.307	3.55	0.608	2.42	1.815	0.311	0.762	0.208	0.158	0.386	0.127	0.227	0.39	0.362	0.13	0.384	0.092	0.319	0.063	0.056	0.067	0.041	0.073	0.016	0.083	0.018	0.047	0.04	0.029	0.024

Dist 1 with mixture weight: 0.05004287 / log mixture weight: -2.9948752409114046
Dimension: 38
Eta: 18.10847 Inverse: 0.05522277696569616
log Scaling Constant: -5.75670517614374
Means: 	-0.477	-10.627	-0.281	0.386	-2.821	1.503	-4.944	-0.03	-0.559	1.262	2.236	4.396	0.281	-0.668	0.711	0.839	-0.59	0.591	-0.2	-0.659	0.378	1.226	0.177	0.046	-0.031	0.137	0.414	-0.21	-0.221	0.213	-0.168	0.241	-0.205	-0.023	0.165	0.118	-0.354	-0.065
Vars:  	2.85	2.455	1.091	2.814	1.766	2.507	1.522	2.299	3.06	5.613	2.075	7.965	1.28	0.887	0.226	0.231	0.31	0.159	0.198	0.16	0.218	0.381	0.489	0.933	0.185	0.191	0.168	0.179	0.092	0.071	0.04	0.036	0.053	0.095	0.149	0.105	0.151	0.043

Dist 2 with mixture weight: 0.08433469 / log mixture weight: -2.4729619920955983
Dimension: 38
Eta: 14.95175 Inverse: 0.06688180313341248
log Scaling Constant: -13.303849101502507
Means: 	-0.268	-3.401	-6.133	-2.314	0.659	-0.292	-2.931	-0.081	-0.728	2.638	1.99	0.877	-3.692	-1.636	-0.361	0.086	0.547	-0.833	-0.527	0.812	0.22	0.202	0.323	-0.057	1.615	-0.101	-0.636	0.607	-0.005	-0.176	-0.088	-0.001	0.133	0.177	-0.169	0.063	-0.07	0.083
Vars:  	4.691	10.236	6.047	2.103	3.5	4.668	3.047	5.018	3.859	3.837	2.758	2.307	0.777	1.769	1.057	0.699	0.274	0.695	0.862	0.733	0.802	0.673	1.167	0.991	0.38	0.2	0.181	0.132	0.127	0.093	0.127	0.07	0.116	0.073	0.133	0.143	0.077	0.069

Dist 3 with mixture weight: 0.08080375 / log mixture weight: -2.5157319036409502
Dimension: 38
Eta: 7.76122 Inverse: 0.12884572270854325
log Scaling Constant: 4.366479216443892
Means: 	0.802	-9.145	-3.262	-3.704	-1.355	-1.798	-3.911	-0.774	-0.685	0.572	3.672	1.225	3.527	1.25	0.389	0.065	-0.468	0.294	0.102	-0.787	-0.176	-0.239	-0.488	0.038	-1.162	-0.544	0.407	0.121	0.287	0.263	-0.058	0.07	0.133	0.207	0.363	-0.165	-0.118	-0.074
Vars:  	6.151	2.918	1.176	2.555	2.946	2.828	3.314	1.319	2.026	3.369	1.495	1.401	0.743	0.573	0.308	0.28	0.124	0.398	0.177	0.543	0.512	0.399	0.331	0.628	0.111	0.4	0.103	0.057	0.049	0.044	0.075	0.041	0.153	0.038	0.112	0.073	0.104	0.04

Dist 4 with mixture weight: 0.02283122 / log mixture weight: -3.7796263814100475
Dimension: 38
Eta: 13.09533 Inverse: 0.07636310043351331
log Scaling Constant: 3.540743381899375
Means: 	-6.811	-8.673	-2.881	-3.74	1.094	-4.297	-2.007	5.23	5.28	3.56	0.112	-4.259	2.515	-0.243	-0.255	-0.51	-0.252	0.236	-0.386	-1.54	-0.741	0.823	1.371	0.251	-0.651	1.043	0.666	-0.287	0.237	-0.328	0.187	-0.133	-0.524	-0.556	-0.137	0.087	0.596	-0.396
Vars:  	27.758	2.162	1.579	3.18	0.857	3.001	1.282	3.506	1.788	0.33	4.538	1.726	0.912	1.426	0.32	0.149	0.325	0.254	0.051	0.157	0.224	0.053	0.06	0.302	0.257	0.652	0.124	0.04	0.067	0.05	0.038	0.005	0.18	0.039	0.06	0.098	0.026	0.06

Dist 5 with mixture weight: 0.04612649 / log mixture weight: -3.0763678736201583
Dimension: 38
Eta: 15.39975 Inverse: 0.06493611909284241
log Scaling Constant: -8.924439287393916
Means: 	-11.564	-8.446	-3.678	-2.7	-0.956	-1.733	0.956	4.638	-3.049	-1.274	1.075	3.199	-0.544	0.536	0.76	-0.052	-0.272	-0.585	-0.097	0.903	-0.113	-0.555	-0.545	0.045	0.144	0.167	-0.065	0.253	0.123	-0.008	0.178	-0.227	0.116	0.407	0.114	-0.323	-0.416	-0.117
Vars:  	5.669	5.547	3.333	1.975	4.856	2.016	4.708	4.784	2.449	2.883	5.389	3.678	2.511	1.297	0.423	0.09	0.306	0.398	0.652	0.454	0.697	0.344	0.711	0.95	0.13	0.43	0.315	0.136	0.048	0.107	0.071	0.152	0.058	0.019	0.099	0.089	0.074	0.037

Dist 6 with mixture weight: 0.1119061 / log mixture weight: -2.1900951521920367
Dimension: 38
Eta: 9.759113 Inverse: 0.10246832883275356
log Scaling Constant: 5.886127499326456
Means: 	7.17	0.467	-0.214	-0.984	0.752	-0.426	-0.26	-0.448	-0.182	0.373	0.921	0.265	-0.58	0.327	-0.448	-0.024	0.191	-0.047	-0.175	0.252	-0.131	0.117	0.007	0.06	0.231	-0.658	-0.728	-0.195	-0.052	-0.09	-0.033	-0.231	0.031	-0.047	0.102	0.169	0.081	0.489
Vars:  	3.303	2.892	1.834	2.146	1.053	1.287	1.037	0.849	0.789	0.885	1.393	1.037	1.669	1.442	0.539	0.132	0.148	0.331	0.276	0.388	0.146	0.287	0.239	0.288	0.599	0.205	0.214	0.066	0.029	0.043	0.091	0.045	0.028	0.05	0.066	0.064	0.048	0.062

Dist 7 with mixture weight: 0.08404635 / log mixture weight: -2.476386846602298
Dimension: 38
Eta: 12.51867 Inverse: 0.07988069020111561
log Scaling Constant: -3.7215741126086854
Means: 	-8.182	-10.918	-2.983	-2.908	-0.079	-2.205	-3.952	1.218	-1.594	1.5	6.088	2.239	2.346	-0.275	0.393	-0.5	-0.83	0.47	-0.04	-0.081	-0.289	-0.958	-0.068	0.138	-0.481	1.3	0.676	0.185	0.165	-0.191	0.248	0.087	-0.233	0.173	0.07	-0.49	-0.222	-0.47
Vars:  	7.963	2.638	1.822	2.074	2.253	2.034	2.459	1.269	3.698	3.507	3.055	4.035	2.183	0.869	0.565	0.357	0.242	0.433	0.308	0.656	0.414	0.96	0.663	0.602	0.174	0.365	0.052	0.078	0.057	0.045	0.099	0.025	0.079	0.08	0.101	0.044	0.067	0.035

Dist 8 with mixture weight: 0.03593629 / log mixture weight: -3.3260076305566177
Dimension: 38
Eta: 7.7933 Inverse: 0.1283153477987502
log Scaling Constant: 4.270467637539802
Means: 	-8.027	-7.657	-2.343	-2.664	1.028	-5.536	-1.687	6.394	4.861	0.443	-2.992	-1.391	-1.578	-1.443	0.285	-0.598	0.533	-0.769	0.205	0.457	0.503	-0.022	0.471	-0.508	0.709	1.46	-0.049	0.036	-0.149	-0.205	0.527	-0.19	-0.932	-0.471	0.419	0.757	0.172	-0.429
Vars:  	2.958	5.67	5.001	2.75	1.347	4.198	1.573	1.861	2.825	3.185	1.425	1.893	2.196	1.064	0.258	0.093	0.281	0.43	0.151	1.125	0.485	0.298	0.511	0.543	0.26	0.237	0.064	0.105	0.008	0.061	0.114	0.018	0.124	0.071	0.074	0.045	0.043	0.034

Dist 9 with mixture weight: 0.0398991 / log mixture weight: -3.221401511731696
Dimension: 38
Eta: 12.11151 Inverse: 0.08256608796095614
log Scaling Constant: -2.97567477841865
Means: 	-10.139	-11.733	0.778	-2.682	-0.969	-0.811	-3.664	3.852	2.204	6.203	0.806	-4.026	0.964	-0.201	-0.348	-0.146	-0.198	0.223	-0.147	-0.245	0.011	0.242	0.245	0.092	-0.153	0.175	0.226	-0.021	-0.064	-0.122	0.001	0.163	-0.025	-0.211	-0.303	-0.134	0.115	-0.033
Vars:  	5.161	1.652	2.696	1.853	2.634	0.71	0.475	3.413	2.767	5.003	2.323	5.811	2.177	0.135	0.836	0.56	0.264	0.171	0.126	1.335	0.819	0.436	0.557	1.071	0.101	0.396	0.07	0.145	0.105	0.053	0.041	0.025	0.192	0.091	0.066	0.107	0.178	0.039

Dist 10 with mixture weight: 0.05697205 / log mixture weight: -2.8651944822860864
Dimension: 38
Eta: 17.21026 Inverse: 0.05810487465035391
log Scaling Constant: -1.7106130471061718
Means: 	-12.809	-10.348	0.272	-2.549	-0.574	-2.049	-2.123	4.803	0.211	1.411	1.087	-2.117	-0.35	-0.219	0.482	0.19	-0.093	0.276	-0.32	-0.083	0.356	0.382	0.041	-0.312	0.05	0.611	-0.077	-0.383	-0.075	-0	0.099	-0.098	-0.267	0.038	0.203	0.124	0.209	-0.15
Vars:  	3.295	1.339	3.397	1.86	2.312	1.592	2.359	1.784	3.087	4.573	5.606	1.399	0.879	0.394	0.612	0.197	0.126	0.188	0.319	0.279	0.275	0.447	0.526	0.308	0.049	0.171	0.059	0.097	0.057	0.041	0.069	0.053	0.079	0.076	0.074	0.12	0.066	0.01

Dist 11 with mixture weight: 0.05767322 / log mixture weight: -2.8529623379906903
Dimension: 38
Eta: 20.82976 Inverse: 0.04800823437235955
log Scaling Constant: -13.852713735886553
Means: 	-4.323	-9.262	1.613	-0.283	-1.143	0.741	-5.828	2.574	4.632	4.164	-0.463	-2.798	-1.03	-0.81	-0.186	0.309	-0.269	0.343	0.541	-0.04	0.432	-0.307	-0.654	0.167	0.462	0.437	0.168	-0.543	-0.25	0.198	-0.165	0.441	-0.426	-0.565	-0.182	0.378	0.497	-0.161
Vars:  	3.457	2.51	3.453	1.662	2.346	3.211	1.373	5.537	3.761	5.554	7.431	0.912	2.023	0.301	1.524	0.184	0.371	0.759	0.864	2.362	0.994	1.349	1.26	0.705	0.178	0.216	0.177	0.104	0.027	0.061	0.154	0.159	0.218	0.095	0.238	0.26	0.032	0.034

Dist 12 with mixture weight: 0.07606936 / log mixture weight: -2.5761097233118555
Dimension: 38
Eta: 11.34271 Inverse: 0.08816235273581005
log Scaling Constant: -1.341592008726046
Means: 	7.901	-7.995	-2.487	-2.327	-1.913	2.203	-1.616	-3.59	-0.25	2.147	0.299	1.127	0.334	2.003	-0.001	0.071	0.715	-0.315	0.485	0.425	0.065	-0.511	-0.349	-0.287	-0.935	-0.859	0.109	0.213	0.139	0.116	-0.267	-0.203	0.508	0.317	0.082	0.023	-0.224	0.185
Vars:  	5.527	12.513	0.978	1.97	2.247	3.855	3.311	2.593	1.512	2.337	2.337	1.109	1.859	0.79	0.367	0.158	0.287	0.247	0.345	0.344	0.48	0.452	0.311	0.122	0.185	0.443	0.34	0.065	0.03	0.088	0.025	0.054	0.128	0.111	0.058	0.079	0.09	0.077

Dist 13 with mixture weight: 0.03895829 / log mixture weight: -3.2452636923414797
Dimension: 38
Eta: 10.30052 Inverse: 0.09708247738949101
log Scaling Constant: 5.045501020327983
Means: 	-12.074	-10.557	-0.09	-2.39	-2.807	-1.277	-1.068	9.604	1.811	-1.578	-5.02	-0.214	0.276	-0.52	0.252	0.114	-0.219	0.265	-0.175	-0.084	0.719	0.177	-0.178	-0.478	-0.037	0.419	0.218	-0.264	-0.073	0.06	0.045	-0.026	-0.474	-0.394	0.072	0.451	0.309	-0.062
Vars:  	1.518	2.779	3.083	1.491	1.615	0.55	1.14	0.92	4.222	2.574	1.443	0.825	1.389	0.362	0.806	0.107	0.517	0.052	0.177	1.028	0.864	0.436	1.16	0.439	0.06	0.2	0.135	0.109	0.033	0.077	0.008	0.042	0.104	0.165	0.086	0.057	0.025	0.011

Dist 14 with mixture weight: 0.0939531 / log mixture weight: -2.364959557392414
Dimension: 38
Eta: 4.578044 Inverse: 0.21843389884413517
log Scaling Constant: 19.657118984938045
Means: 	4.462	-4.277	-0.438	-2.122	-0.755	-2.124	-1.551	0.287	-0.872	0.244	3.141	0.867	0.841	1.349	0.405	0.394	0.521	0.407	0.311	-0.002	0.281	0.255	-0.401	-0.178	-0.959	-0.648	-0.242	-0.225	0.016	0.152	0.098	-0.09	0.006	0.049	0.052	0.012	0.067	0.271
Vars:  	1.59	2.25	2.742	2.473	2.369	1.011	1.827	1.233	1.559	1.603	1.222	1.876	0.789	0.467	0.253	0.165	0.189	0.16	0.14	0.196	0.079	0.101	0.109	0.21	0.175	0.338	0.118	0.04	0.035	0.063	0.031	0.025	0.049	0.034	0.051	0.023	0.052	0.025

Dist 15 with mixture weight: 0.05143585 / log mixture weight: -2.967419878823628
Dimension: 38
Eta: 10.32955 Inverse: 0.09680963836759589
log Scaling Constant: -4.6855482201323255
Means: 	-7.053	-8.769	-4.177	-1.167	1.908	-3.869	-4.671	-1.632	0.097	5.67	4.272	1.29	-2.017	-1.566	0.137	-0.567	0.421	-0.868	-0.135	0.698	-0.422	-0.571	0.862	0.334	0.783	1.397	0.072	0.467	-0.189	-0.456	0.399	0.127	0.088	-0.021	-0.539	-0.181	-0.05	-0.397
Vars:  	8.004	2.335	2.487	2.17	2.176	2.812	0.958	3.756	2.609	5.216	1.812	6.163	1.353	1.483	0.942	0.559	0.469	0.559	0.438	0.298	0.74	0.781	0.252	0.379	0.269	0.304	0.107	0.069	0.124	0.031	0.133	0.057	0.125	0.089	0.104	0.099	0.153	0.042

-----------------------------------------------------------------------

Creating model for BACKGROUND from model file: Others.mfc.tmm...
# Dimension of data: 38
# Number of student-t components in mixture: 16
# eta values for all student-t comopnent densities...
# mixture weights for all student-t comopnent densities...
# means for all student-t comopnent densities...
# variances for all student-t comopnent densities...

Dist 0 with mixture weight: 0.02482361 / log mixture weight: -3.6959600625621136
Dimension: 38
Eta: 12.85284 Inverse: 0.07780381612157312
log Scaling Constant: 8.18088511306432
Means: 	8.198	1.288	-3.116	-2.338	-1.187	-0.658	2.024	-0.272	-0.084	-1.339	0.236	0.766	-0.247	-0.436	-0.133	-0.142	0.04	-0.073	-0.061	-0.095	-0.18	-0.157	0.105	0.133	0.234	-0.351	-0.084	0.265	0.24	0.2	-0.041	-0.24	-0.008	0.078	0.141	0.002	-0.044	-0.079
Vars:  	5.149	2.578	2.877	1.789	1.187	1.776	1.545	0.759	1.138	1.529	0.839	1.792	1.416	0.704	0.622	0.465	0.251	0.168	0.29	0.096	0.143	0.164	0.063	0.135	0.263	0.151	0.101	0.065	0.029	0.036	0.035	0.045	0.014	0.019	0.035	0.013	0.024	0.017

Dist 1 with mixture weight: 0.1263154 / log mixture weight: -2.0689733251506275
Dimension: 38
Eta: 18.86993 Inverse: 0.05299436722870726
log Scaling Constant: 24.332596481281172
Means: 	6.36	1.383	0.772	0.993	0.352	-1.181	-0.641	-0.622	0.787	0.327	0.472	-0.194	-0.009	0.002	-0.037	-0.031	0.01	-0	-0.001	-0.007	-0.051	0.027	0.075	0	-0.021	0.072	0.01	-0.059	-0.096	-0.027	0.057	0.083	0.023	-0.018	-0.011	0.025	0.055	0.017
Vars:  	0.861	0.803	1.024	0.675	0.787	0.664	0.675	0.587	0.758	0.657	0.699	0.603	0.12	0.119	0.097	0.087	0.093	0.105	0.095	0.076	0.083	0.07	0.063	0.075	0.011	0.016	0.019	0.022	0.013	0.013	0.015	0.016	0.013	0.013	0.012	0.011	0.013	0.002

Dist 2 with mixture weight: 0.1218326 / log mixture weight: -2.1051073076303757
Dimension: 38
Eta: 18.39715 Inverse: 0.05435624539670547
log Scaling Constant: 24.550867285873558
Means: 	6.995	1.535	0.262	0.275	0.228	-0.171	0.966	0.317	0.991	0.109	0.21	-0.042	0.004	0.021	-0.026	0.019	-0.072	-0.09	-0.001	0.017	0.076	0.055	-0.026	-0.048	-0.004	-0.023	-0.009	-0.008	-0.004	-0.002	-0.083	-0.133	-0.082	-0.031	0.024	0.043	0.018	0.001
Vars:  	1.012	0.956	0.714	0.713	0.67	0.725	0.428	0.548	0.577	0.524	0.783	0.703	0.174	0.118	0.135	0.091	0.077	0.085	0.096	0.081	0.069	0.069	0.059	0.082	0.013	0.025	0.017	0.017	0.015	0.011	0.017	0.012	0.011	0.012	0.012	0.014	0.013	0.002

Dist 3 with mixture weight: 0.0338689 / log mixture weight: -3.3852580897982434
Dimension: 38
Eta: 21.80969 Inverse: 0.04585117899429107
log Scaling Constant: -0.17341339014680557
Means: 	7.453	-3.197	-4.256	1.415	3.507	-0.917	-1.87	-0.938	0.112	0.301	0.933	0.107	-0.266	0.189	-0.192	0.193	0.19	-0.063	0.005	0.003	-0.085	0.144	-0.081	0.018	0.016	-0.204	0.294	0.192	-0.086	-0.132	-0.104	0.222	0.036	0.017	0.018	-0.074	-0.018	-0.056
Vars:  	2.048	4.356	2.788	1.578	2.736	1.709	1.128	1.916	1.382	1.18	1.174	0.974	0.801	0.879	0.839	0.424	0.503	0.283	0.239	0.213	0.192	0.151	0.122	0.116	0.235	0.145	0.14	0.119	0.056	0.064	0.054	0.022	0.042	0.044	0.023	0.021	0.029	0.035

Dist 4 with mixture weight: 0.01558258 / log mixture weight: -4.161601655330064
Dimension: 38
Eta: 8.23326 Inverse: 0.1214585716957803
log Scaling Constant: 18.50201468040563
Means: 	-1.947	-3.539	2.302	0.304	0.87	-0.85	0.168	-0.038	0.089	-0.054	0.177	-0.182	-0.186	-0.436	-0.223	0.009	0.059	-0.249	-0.082	0.104	-0.114	0.157	0.091	0.075	0.164	1.067	0.563	-0.32	-0.016	-0.133	-0.06	-0.026	-0.008	0.099	0.081	0.075	0.043	-0.355
Vars:  	7.684	7.807	6.59	2.414	0.972	1.161	1.724	0.775	0.694	0.504	1.153	0.41	1.789	0.639	0.33	0.171	0.109	0.162	0.154	0.073	0.079	0.051	0.126	0.051	0.257	0.102	0.105	0.106	0.024	0.017	0.012	0.025	0.005	0.018	0.006	0.023	0.009	0.032

Dist 5 with mixture weight: 0.04314429 / log mixture weight: -3.1432051992935546
Dimension: 38
Eta: 13.13248 Inverse: 0.0761470796072029
log Scaling Constant: 16.304687725182198
Means: 	3.866	0.529	2.209	-0.669	0.141	-0.156	-0.692	-0.454	0.736	0.183	0.68	0.47	-0.243	-0.344	0.095	-0.011	0.046	-0.021	-0.026	-0.028	-0.079	-0.014	-0.045	-0.023	0.13	0.226	0.099	-0.257	0.088	0.011	-0.126	0.109	0.025	0.017	0.043	-0.017	-0.06	-0.005
Vars:  	4.431	2.22	1.005	1.151	1.432	1.091	0.826	1.35	0.458	1.059	0.653	0.834	1.104	0.432	0.361	0.136	0.089	0.114	0.068	0.083	0.066	0.083	0.062	0.109	0.116	0.15	0.058	0.053	0.029	0.026	0.025	0.016	0.019	0.014	0.021	0.006	0.024	0.011

Dist 6 with mixture weight: 0.1061178 / log mixture weight: -2.2432054811751376
Dimension: 38
Eta: 14.65739 Inverse: 0.06822497047564403
log Scaling Constant: 23.400539936445284
Means: 	6.484	0.515	-0.428	-0.3	-0.325	-1.271	0.073	0.043	1.313	0.918	0.95	0.341	0.022	0.124	0.037	0.034	-0.041	0.01	0.03	-0.019	-0.015	-0.041	-0.071	0.035	-0.018	-0.019	0.103	0.113	0.063	0.082	0.06	0.001	-0.05	-0.064	-0.081	-0.057	-0.033	0.029
Vars:  	1.165	1.028	0.844	0.695	0.591	0.54	0.948	0.752	0.709	0.567	0.936	0.611	0.307	0.245	0.17	0.096	0.077	0.092	0.083	0.065	0.073	0.064	0.085	0.066	0.025	0.053	0.032	0.022	0.012	0.018	0.013	0.017	0.014	0.015	0.013	0.015	0.013	0.003

Dist 7 with mixture weight: 0.03568375 / log mixture weight: -3.3330598758961796
Dimension: 38
Eta: 7.50511 Inverse: 0.13324255074209437
log Scaling Constant: 19.126133676652163
Means: 	5.719	-2.864	0.693	0.592	-0.132	-1.239	0.185	0.121	0.057	0.164	0.773	-0.66	0.087	-0.032	-0.015	0.032	-0.07	-0.066	-0.06	0.11	0.105	0.041	-0.024	-0.171	-0.057	0.111	0.4	-0.137	-0.026	0.068	0.005	-0.016	-0.071	0.05	0.023	-0.01	0.1	-0.08
Vars:  	1.268	3.036	1.647	2.015	1.714	1.554	0.868	0.881	1.823	1.442	1.324	0.494	0.442	1.019	0.258	0.189	0.22	0.192	0.132	0.089	0.117	0.079	0.1	0.094	0.169	0.041	0.053	0.044	0.02	0.033	0.025	0.02	0.02	0.034	0.018	0.021	0.017	0.023

Dist 8 with mixture weight: 0.05431555 / log mixture weight: -2.9129447210315176
Dimension: 38
Eta: 21.19623 Inverse: 0.04717820102914528
log Scaling Constant: 4.640075407091544
Means: 	7.439	-0.071	-2.842	-0.53	1.408	-0.381	-0.161	-1.568	0.01	0.215	0.486	0.144	0.237	0.073	0.276	-0.15	-0.238	0.061	0.05	0.126	0.098	0.09	0.064	0.047	-0.159	-0.255	0.102	0.019	0.173	-0.005	-0.032	0.013	0.044	0.036	-0.046	-0.015	-0.002	0.059
Vars:  	2.975	2.136	2.792	1.784	2.037	1.654	1.009	0.91	0.765	1.669	1.032	0.788	0.527	0.484	1.42	0.17	0.299	0.133	0.162	0.118	0.092	0.133	0.126	0.109	0.206	0.096	0.084	0.199	0.032	0.054	0.028	0.032	0.02	0.019	0.025	0.033	0.024	0.041

Dist 9 with mixture weight: 0.1291953 / log mixture weight: -2.046430066004299
Dimension: 38
Eta: 16.8268 Inverse: 0.05942900610930183
log Scaling Constant: 24.64406385572444
Means: 	7.719	2.485	0.698	-0.03	-0.355	-1.201	-0.008	-0.236	1.032	0.469	0.547	0.14	-0.065	-0.007	-0.005	0.022	0.017	-0.033	-0.003	0.059	-0.003	-0.024	0.044	0.022	0.029	-0.136	-0.164	-0.072	0.03	0.062	0.077	0.026	-0.015	-0.045	-0.029	0.009	0.007	0.007
Vars:  	0.699	0.775	0.696	0.596	0.554	0.534	0.622	0.562	0.652	0.597	0.422	0.56	0.22	0.182	0.142	0.109	0.069	0.089	0.087	0.094	0.101	0.072	0.065	0.084	0.017	0.031	0.023	0.024	0.018	0.011	0.014	0.012	0.011	0.013	0.014	0.009	0.014	0.004

Dist 10 with mixture weight: 0.01269274 / log mixture weight: -4.366725102517082
Dimension: 38
Eta: 25.27602 Inverse: 0.03956319072385605
log Scaling Constant: -1.9915860407565305
Means: 	-0.079	-5.147	-5.506	4.662	3.875	-4.543	0.245	-0.109	0.296	-0.037	0.852	0.325	0.216	0.04	0.057	0.015	0.037	0.065	0.01	-0.069	0.179	-0.028	-0.013	0.244	-0.255	0.689	0.376	0.125	-0.264	-0.238	0.293	-0.09	-0.092	0.083	0.005	0.006	-0.052	-0.251
Vars:  	5.84	1.102	3.691	4.679	3.535	2.446	0.966	1.989	1.721	0.637	0.606	1.556	2.733	0.538	1.126	0.478	0.504	0.692	0.259	0.269	0.365	0.061	0.05	0.06	0.34	0.206	0.092	0.112	0.076	0.118	0.059	0.028	0.037	0.062	0.013	0.009	0.027	0.028

Dist 11 with mixture weight: 0.02202696 / log mixture weight: -3.815488121334914
Dimension: 38
Eta: 7.28728 Inverse: 0.1372254119506867
log Scaling Constant: 17.931383892841183
Means: 	6.005	1.571	-9.756	1.809	1.548	0.945	0.763	-2.393	0.847	-1.486	1.485	-0.713	-0.175	-0.164	-0.008	0.059	-0.047	0.036	-0.104	0.008	0.126	-0.044	0.105	-0.272	0.053	0.038	-0.148	0.568	-0.067	-0.005	-0.142	-0.042	0.1	-0.023	0.115	-0.066	0.083	-0.167
Vars:  	1.962	1.881	5.103	2.86	0.979	0.783	1.171	1.173	0.567	0.859	0.431	1.067	0.404	0.268	1.574	0.205	0.111	0.261	0.143	0.102	0.088	0.183	0.104	0.17	0.298	0.048	0.065	0.117	0.038	0.024	0.047	0.031	0.016	0.017	0.019	0.022	0.023	0.026

Dist 12 with mixture weight: 0.02406801 / log mixture weight: -3.7268717061346717
Dimension: 38
Eta: 11.81457 Inverse: 0.0846412522842558
log Scaling Constant: 9.395474723053802
Means: 	3.801	-2.069	-4.158	2.06	2.234	-3.282	0.078	-0.512	0.132	0.965	0.549	0.591	0.391	-0.12	0.318	-0.218	0.261	0.025	0.027	-0.201	0.017	0.087	-0.034	0.051	-0.15	0.109	0.08	0.317	-0.072	-0.128	0.271	-0.074	-0.024	-0.011	-0.04	0.008	-0.05	-0.118
Vars:  	1.773	1.401	5.538	0.925	2.833	1.078	1.202	1.624	0.955	1.124	0.611	1.226	0.464	0.914	1.047	0.19	0.287	0.4	0.141	0.273	0.162	0.144	0.139	0.102	0.106	0.125	0.071	0.162	0.039	0.037	0.04	0.031	0.045	0.028	0.021	0.015	0.021	0.019

Dist 13 with mixture weight: 0.1662761 / log mixture weight: -1.7941056192870004
Dimension: 38
Eta: 15.10751 Inverse: 0.06619224478421659
log Scaling Constant: 25.81084646424962
Means: 	7.335	1.56	0.171	0.279	0.658	-0.246	-0.028	-0.913	0.146	0.022	0.671	0.288	0.042	0.029	0.047	-0.015	0.027	0.116	0.025	0.001	0.015	-0.03	-0.04	-0.002	0.004	-0.083	-0.032	0.03	-0.001	-0.063	-0.069	0.013	0.085	0.082	0.031	-0.022	-0.035	0.027
Vars:  	0.831	0.674	0.682	0.9	0.633	0.472	0.517	0.444	0.539	0.554	0.635	0.596	0.149	0.168	0.116	0.091	0.089	0.093	0.104	0.089	0.078	0.075	0.064	0.061	0.015	0.028	0.031	0.027	0.02	0.013	0.011	0.012	0.009	0.014	0.013	0.011	0.012	0.005

Dist 14 with mixture weight: 0.01218276 / log mixture weight: -4.4077334413852896
Dimension: 38
Eta: 14.63279 Inverse: 0.06833966728149587
log Scaling Constant: 10.759704205653897
Means: 	2.045	4.244	-2.48	0.664	0.103	-1.003	0.863	-1.1	-0.112	-0.037	-0.312	1.227	-0.055	0.185	0.113	0.253	0.173	-0.035	0.138	0.008	0.021	-0.016	-0.124	0.078	-0.101	0.647	-0.528	0.134	-0.147	0.049	0.095	-0.063	-0.019	0.042	-0.058	0.117	-0.163	-0.06
Vars:  	4.842	4.225	2.924	1.339	2.176	0.908	1.402	1.409	1.121	1.18	0.703	0.912	1.053	1.098	0.55	0.169	0.046	0.164	0.256	0.09	0.046	0.109	0.063	0.063	0.111	0.137	0.18	0.11	0.017	0.02	0.026	0.04	0.022	0.007	0.036	0.015	0.02	0.019

Dist 15 with mixture weight: 0.0718737 / log mixture weight: -2.632844866984715
Dimension: 38
Eta: 13.2208 Inverse: 0.07563838799467505
log Scaling Constant: 14.577278238783933
Means: 	4.026	1.504	0.439	-0.04	0.604	-1.054	0.214	0.14	0.944	0.252	0.444	0.155	0.229	0.04	-0.1	-0.042	0.014	0.031	-0.015	-0.064	0.003	-0.039	-0	0.033	-0.034	0.172	-0.119	-0.073	-0.05	-0.007	0.045	-0.012	-0.031	-0.017	-0.012	0.018	-0.007	0.059
Vars:  	2.414	1.633	1.821	1.231	1.163	0.681	0.835	0.948	1.104	0.767	0.566	0.862	0.905	0.395	0.407	0.256	0.183	0.1	0.121	0.096	0.088	0.097	0.07	0.101	0.099	0.136	0.075	0.065	0.037	0.034	0.013	0.02	0.019	0.025	0.02	0.012	0.019	0.022
